Generate signatures 529 ms
Writing signatures 0 us
Extract Critial Patterns. 2 ms
Build ACDFA of Critial Patterns. 11 ms
Build Bag-of-Words. 217 us
Build ACDFA of Bag Of Words. 22 ms
==== Summary of ClamavSig Database ====
#critical patterns: 22 (CS) 1 (IGC), #sigs: 20, ACDFA for Critical Pattenrs State: 2068 (CS) 20 (IGC)
Signatures:20, Fixed Patterns: 89, Pattners IGC: 1
ACDFA for BagWords: states (cs): 3638, states (igc): 20
==== WARNING: UNABLE TO DISCHARGE by crit_gab_pm which needs DFA discharge =====
==== Needs to build DFA for the following ===========
{}=========================

==== WARNING: DFA could also not discharge the following =====
==== WARNING: ISED could not discharge the following =====
==== STATS SUMMARY (avg, max, count_non_zero) =========
Note: set b_optimize_pm to false in 
gen_report_all_discharge_approach_stats
 for accurate PM-REG data, otherwise it's filtered by prevoius step 

-------------------------------------------------------
log(f)	files	crit	bag	pm	c_bag	c_pm	c_b_p	dfa	ind_pm
0 	 0 	(0,0,0)	(0,0,0)	(0,0,0)	(0,0,0)	(0,0,0)	(0,0,0)	(0,0,0	(0,0,0))
1 	 0 	(0,0,0)	(0,0,0)	(0,0,0)	(0,0,0)	(0,0,0)	(0,0,0)	(0,0,0	(0,0,0))
2 	 0 	(0,0,0)	(0,0,0)	(0,0,0)	(0,0,0)	(0,0,0)	(0,0,0)	(0,0,0	(0,0,0))
3 	 0 	(0,0,0)	(0,0,0)	(0,0,0)	(0,0,0)	(0,0,0)	(0,0,0)	(0,0,0	(0,0,0))
4 	 0 	(0,0,0)	(0,0,0)	(0,0,0)	(0,0,0)	(0,0,0)	(0,0,0)	(0,0,0	(0,0,0))
5 	 0 	(0,0,0)	(0,0,0)	(0,0,0)	(0,0,0)	(0,0,0)	(0,0,0)	(0,0,0	(0,0,0))
6 	 0 	(0,0,0)	(0,0,0)	(0,0,0)	(0,0,0)	(0,0,0)	(0,0,0)	(0,0,0	(0,0,0))
7 	 0 	(0,0,0)	(0,0,0)	(0,0,0)	(0,0,0)	(0,0,0)	(0,0,0)	(0,0,0	(0,0,0))
8 	 0 	(0,0,0)	(0,0,0)	(0,0,0)	(0,0,0)	(0,0,0)	(0,0,0)	(0,0,0	(0,0,0))
9 	 0 	(0,0,0)	(0,0,0)	(0,0,0)	(0,0,0)	(0,0,0)	(0,0,0)	(0,0,0	(0,0,0))
10 	 0 	(0,0,0)	(0,0,0)	(0,0,0)	(0,0,0)	(0,0,0)	(0,0,0)	(0,0,0	(0,0,0))
11 	 1 	(0,0,0)	(0,0,0)	(0,0,0)	(0,0,0)	(0,0,0)	(0,0,0)	(0,0,0	(0,0,0))
12 	 0 	(0,0,0)	(0,0,0)	(0,0,0)	(0,0,0)	(0,0,0)	(0,0,0)	(0,0,0	(0,0,0))
13 	 1 	(0,0,0)	(0,0,0)	(0,0,0)	(0,0,0)	(0,0,0)	(0,0,0)	(0,0,0	(0,0,0))
14 	 6 	(0,0,0)	(0,0,0)	(0,0,0)	(0,0,0)	(0,0,0)	(0,0,0)	(0,0,0	(0,0,0))
15 	 3 	(0,0,0)	(0,0,0)	(0,0,0)	(0,0,0)	(0,0,0)	(0,0,0)	(0,0,0	(0,0,0))
16 	 2 	(0,0,0)	(0,0,0)	(0,0,0)	(0,0,0)	(0,0,0)	(0,0,0)	(0,0,0	(0,0,0))
17 	 3 	(0,0,0)	(0,0,0)	(0,0,0)	(0,0,0)	(0,0,0)	(0,0,0)	(0,0,0	(0,0,0))
18 	 3 	(0,1,1)	(0,0,0)	(0,0,0)	(0,0,0)	(0,0,0)	(0,0,0)	(0,0,0	(0,0,0))
19 	 0 	(0,0,0)	(0,0,0)	(0,0,0)	(0,0,0)	(0,0,0)	(0,0,0)	(0,0,0	(0,0,0))
20 	 0 	(0,0,0)	(0,0,0)	(0,0,0)	(0,0,0)	(0,0,0)	(0,0,0)	(0,0,0	(0,0,0))
21 	 1 	(0,0,0)	(0,0,0)	(0,0,0)	(0,0,0)	(0,0,0)	(0,0,0)	(0,0,0	(0,0,0))
22 	 0 	(0,0,0)	(0,0,0)	(0,0,0)	(0,0,0)	(0,0,0)	(0,0,0)	(0,0,0	(0,0,0))
23 	 0 	(0,0,0)	(0,0,0)	(0,0,0)	(0,0,0)	(0,0,0)	(0,0,0)	(0,0,0	(0,0,0))
24 	 0 	(0,0,0)	(0,0,0)	(0,0,0)	(0,0,0)	(0,0,0)	(0,0,0)	(0,0,0	(0,0,0))
25 	 0 	(0,0,0)	(0,0,0)	(0,0,0)	(0,0,0)	(0,0,0)	(0,0,0)	(0,0,0	(0,0,0))
26 	 0 	(0,0,0)	(0,0,0)	(0,0,0)	(0,0,0)	(0,0,0)	(0,0,0)	(0,0,0	(0,0,0))
27 	 0 	(0,0,0)	(0,0,0)	(0,0,0)	(0,0,0)	(0,0,0)	(0,0,0)	(0,0,0	(0,0,0))
28 	 0 	(0,0,0)	(0,0,0)	(0,0,0)	(0,0,0)	(0,0,0)	(0,0,0)	(0,0,0	(0,0,0))
29 	 0 	(0,0,0)	(0,0,0)	(0,0,0)	(0,0,0)	(0,0,0)	(0,0,0)	(0,0,0	(0,0,0))
30 	 0 	(0,0,0)	(0,0,0)	(0,0,0)	(0,0,0)	(0,0,0)	(0,0,0)	(0,0,0	(0,0,0))
31 	 0 	(0,0,0)	(0,0,0)	(0,0,0)	(0,0,0)	(0,0,0)	(0,0,0)	(0,0,0	(0,0,0))
====  Simpler Summary (avg, max, count_non_zero) =====
log(f)	files	crit	c_bag	c_b_p	dfa	ind_pm
0 	 0 	(0,0,0)	(0,0,0)	(0,0,0)	(0,0,0)	(0,0,0)
1 	 0 	(0,0,0)	(0,0,0)	(0,0,0)	(0,0,0)	(0,0,0)
2 	 0 	(0,0,0)	(0,0,0)	(0,0,0)	(0,0,0)	(0,0,0)
3 	 0 	(0,0,0)	(0,0,0)	(0,0,0)	(0,0,0)	(0,0,0)
4 	 0 	(0,0,0)	(0,0,0)	(0,0,0)	(0,0,0)	(0,0,0)
5 	 0 	(0,0,0)	(0,0,0)	(0,0,0)	(0,0,0)	(0,0,0)
6 	 0 	(0,0,0)	(0,0,0)	(0,0,0)	(0,0,0)	(0,0,0)
7 	 0 	(0,0,0)	(0,0,0)	(0,0,0)	(0,0,0)	(0,0,0)
8 	 0 	(0,0,0)	(0,0,0)	(0,0,0)	(0,0,0)	(0,0,0)
9 	 0 	(0,0,0)	(0,0,0)	(0,0,0)	(0,0,0)	(0,0,0)
10 	 0 	(0,0,0)	(0,0,0)	(0,0,0)	(0,0,0)	(0,0,0)
11 	 1 	(0,0,0)	(0,0,0)	(0,0,0)	(0,0,0)	(0,0,0)
12 	 0 	(0,0,0)	(0,0,0)	(0,0,0)	(0,0,0)	(0,0,0)
13 	 1 	(0,0,0)	(0,0,0)	(0,0,0)	(0,0,0)	(0,0,0)
14 	 6 	(0,0,0)	(0,0,0)	(0,0,0)	(0,0,0)	(0,0,0)
15 	 3 	(0,0,0)	(0,0,0)	(0,0,0)	(0,0,0)	(0,0,0)
16 	 2 	(0,0,0)	(0,0,0)	(0,0,0)	(0,0,0)	(0,0,0)
17 	 3 	(0,0,0)	(0,0,0)	(0,0,0)	(0,0,0)	(0,0,0)
18 	 3 	(0,1,1)	(0,0,0)	(0,0,0)	(0,0,0)	(0,0,0)
19 	 0 	(0,0,0)	(0,0,0)	(0,0,0)	(0,0,0)	(0,0,0)
20 	 0 	(0,0,0)	(0,0,0)	(0,0,0)	(0,0,0)	(0,0,0)
21 	 1 	(0,0,0)	(0,0,0)	(0,0,0)	(0,0,0)	(0,0,0)
22 	 0 	(0,0,0)	(0,0,0)	(0,0,0)	(0,0,0)	(0,0,0)
23 	 0 	(0,0,0)	(0,0,0)	(0,0,0)	(0,0,0)	(0,0,0)
24 	 0 	(0,0,0)	(0,0,0)	(0,0,0)	(0,0,0)	(0,0,0)
25 	 0 	(0,0,0)	(0,0,0)	(0,0,0)	(0,0,0)	(0,0,0)
26 	 0 	(0,0,0)	(0,0,0)	(0,0,0)	(0,0,0)	(0,0,0)
27 	 0 	(0,0,0)	(0,0,0)	(0,0,0)	(0,0,0)	(0,0,0)
28 	 0 	(0,0,0)	(0,0,0)	(0,0,0)	(0,0,0)	(0,0,0)
29 	 0 	(0,0,0)	(0,0,0)	(0,0,0)	(0,0,0)	(0,0,0)
30 	 0 	(0,0,0)	(0,0,0)	(0,0,0)	(0,0,0)	(0,0,0)
31 	 0 	(0,0,0)	(0,0,0)	(0,0,0)	(0,0,0)	(0,0,0)
====  Accepthance Path Stats =======
hs_len/acc_path: 0%, hs_len: 0, accpath_len: 9820980
accepted states/acc_path: 0%, accepted_states: 0, accpath_len: 9820980
pm_reg (sde) total projected table size/layer1 table: (avg: max): (0,0). This indicates the cost of layer2 projectio
pm_reg (sde) total witness_len/file_size: (avg: max): (0,0). This indicates total cost of discharging one file against ALL bag left sigs
